,Q1,Q2,Q3,Q4,Q5,Q6,Q7,Q8,Q9,Q10,Q11,Q12,Q13,Q14,Q15,Q16,Q17,Q18,Q19,Q20,Q21,Q22,Q23,Q24,Q25,Q26,Q27,Q28,Q29,Q30,Q31,Q32,Q33,Q34,Q35,Q36,Q37,Q38,Q39,Q40,Q41,Q42,Q43,Q44,Q45,Q46,Q47,Q48,Q49,Q50
Q1,1.0,0.92826355,0.90645254,0.90348595,0.90912557,0.9307023,0.93049955,0.90523255,0.85488343,0.92777044,0.97322375,0.900594,0.78909254,0.938251,0.949312,0.9434172,0.8874543,0.921495,0.9374906,0.92942953,0.8918049,0.92982966,0.9269625,0.9219582,0.9518923,0.9336434,0.9147558,0.93370706,0.92727685,0.9247832,0.9277429,0.8990995,0.89278126,0.934739,0.90190214,0.9003593,0.85853267,0.86210483,0.9426499,0.92991984,0.9448551,0.8824661,0.9238236,0.8875976,0.9407329,0.8758705,0.8601363,0.8808892,0.8959346,0.8565124
Q2,0.92826355,0.9999998,0.82731026,0.8358842,0.89243203,0.9013861,0.880218,0.9075369,0.7924329,0.8842188,0.917187,0.89251184,0.703977,0.8796123,0.9235524,0.89831513,0.7972734,0.84629166,0.8800851,0.8825395,0.7971278,0.8936832,0.8932302,0.92813605,0.91939324,0.86857516,0.85228705,0.86978424,0.89905953,0.88736665,0.8690536,0.83943903,0.8141036,0.91591316,0.8296341,0.834892,0.78506184,0.79048574,0.90770686,0.87660575,0.9136873,0.83237934,0.8657087,0.8256921,0.87304586,0.7888703,0.76699257,0.8204913,0.841395,0.77899945
Q3,0.90645254,0.82731026,0.9999999,0.91871405,0.80605817,0.8966208,0.9165771,0.7874168,0.92508024,0.94712394,0.90919113,0.80157226,0.9185808,0.94723874,0.8889477,0.9183008,0.9650804,0.9177612,0.9022864,0.9358448,0.93594056,0.9245246,0.91500586,0.8413471,0.924281,0.9414959,0.96142006,0.95041597,0.84876215,0.9081978,0.9227231,0.90676993,0.94258946,0.87913823,0.9274945,0.93164885,0.9304391,0.9244734,0.87552905,0.9189867,0.9017097,0.90917075,0.9466846,0.9234489,0.9530829,0.92324233,0.9310767,0.9460932,0.90738815,0.94984484
Q4,0.90348595,0.8358842,0.91871405,1.0000002,0.76713,0.85750437,0.8650449,0.740276,0.9259267,0.9189564,0.9131276,0.7627982,0.8806726,0.9125343,0.89691746,0.8770057,0.9150061,0.9790738,0.85494435,0.89700633,0.9268346,0.883609,0.8653021,0.836194,0.89776045,0.90922916,0.9141672,0.8992481,0.8098023,0.84621966,0.8787823,0.921193,0.8901926,0.84987056,0.9417926,0.9244186,0.92659783,0.92248625,0.8474934,0.92320573,0.8567442,0.87983155,0.8940947,0.9232387,0.92371166,0.930917,0.92931306,0.90372324,0.9103363,0.9186522
Q5,0.90912557,0.89243203,0.80605817,0.76713,0.9999997,0.9287786,0.9150487,0.91902936,0.75202227,0.8411208,0.8816652,0.92054105,0.7075397,0.8936734,0.9044541,0.910512,0.8037002,0.8031222,0.9374348,0.90339166,0.80598474,0.9099159,0.91288877,0.8831366,0.9064261,0.89280266,0.858601,0.88965905,0.9732433,0.91132176,0.9052946,0.85200834,0.8370692,0.9229419,0.82130694,0.8320458,0.740217,0.776842,0.96305823,0.8587902,0.9310851,0.83927536,0.87852913,0.82399976,0.87245077,0.80139804,0.7687746,0.81815755,0.8420005,0.77468693
Q6,0.9307023,0.9013861,0.8966208,0.85750437,0.9287786,0.99999994,0.9622844,0.90390337,0.8465389,0.89460945,0.9103444,0.93512446,0.80759376,0.9411893,0.9199007,0.9550065,0.89449036,0.8695374,0.95668685,0.9394451,0.86062455,0.949668,0.9272253,0.91089106,0.9411433,0.9497867,0.9275823,0.9516947,0.94082916,0.958824,0.9569677,0.9142298,0.9305411,0.96296185,0.89204836,0.9105872,0.8254403,0.8691972,0.9536954,0.91405076,0.92170167,0.9193763,0.9511049,0.888278,0.9413628,0.8703226,0.8623781,0.91088885,0.8882597,0.871073
Q7,0.93049955,0.880218,0.9165771,0.8650449,0.9150487,0.9622844,1.0000002,0.9052552,0.8609534,0.9006755,0.9111292,0.9414722,0.8272238,0.94312906,0.9191272,0.96553123,0.92374533,0.8739797,0.95268553,0.9256902,0.8755863,0.9395019,0.93694305,0.8901286,0.9398601,0.94376624,0.94050646,0.96917087,0.9239886,0.9725451,0.96782047,0.9228447,0.9415469,0.95433015,0.89664143,0.9170976,0.84862095,0.87964225,0.9513451,0.92263615,0.92111504,0.9251723,0.9771816,0.89472425,0.94479215,0.87907684,0.8797883,0.91416466,0.89825416,0.8913415
Q8,0.90523255,0.9075369,0.7874168,0.740276,0.91902936,0.90390337,0.9052552,0.9999999,0.70764524,0.8076613,0.8616044,0.9497367,0.61831367,0.84611565,0.8858822,0.9173885,0.75784063,0.75632143,0.9006059,0.8290082,0.7212859,0.85076284,0.8798942,0.9159889,0.88714457,0.8389898,0.81254894,0.8641255,0.9088127,0.926,0.87595415,0.78680384,0.79961264,0.92771924,0.7571496,0.7743836,0.689256,0.69921994,0.9166815,0.82914394,0.8878631,0.7898903,0.86999226,0.7458382,0.84150743,0.71325064,0.70082545,0.76404935,0.7684436,0.7134578
Q9,0.85488343,0.7924329,0.92508024,0.9259267,0.75202227,0.8465389,0.8609534,0.70764524,1.0000002,0.9098814,0.8658319,0.7374123,0.92516565,0.9210083,0.8609259,0.86479354,0.93260735,0.9265425,0.8479501,0.9073561,0.9321695,0.8961823,0.86340046,0.7895918,0.88301635,0.9111279,0.9406364,0.9077796,0.79570234,0.8422675,0.8742135,0.92667556,0.904695,0.8398445,0.9237956,0.94187653,0.94352996,0.94449735,0.84682274,0.93576497,0.8543486,0.8905159,0.8975563,0.9287076,0.92393667,0.9310897,0.9523698,0.9337976,0.9106425,0.9390074
Q10,0.92777044,0.8842188,0.94712394,0.9189564,0.8411208,0.89460945,0.9006755,0.8076613,0.9098814,0.9999998,0.9502492,0.81808287,0.878113,0.93844366,0.92274696,0.90434635,0.925475,0.9317058,0.8926492,0.9393135,0.92742044,0.9214561,0.9235555,0.8631201,0.93587685,0.9318981,0.927843,0.92360187,0.88593,0.8789678,0.8948988,0.903384,0.8936384,0.87536323,0.91268486,0.935152,0.9148018,0.90366066,0.89313304,0.923429,0.9324039,0.87748146,0.9134425,0.918714,0.93641955,0.9224409,0.9020078,0.9077753,0.9076814,0.914505
Q11,0.97322375,0.917187,0.90919113,0.9131276,0.8816652,0.9103444,0.9111292,0.8616044,0.8658319,0.9502492,0.9999999,0.8628601,0.81201804,0.93432444,0.939489,0.9178854,0.88698006,0.9355731,0.9079471,0.9293574,0.90453553,0.9186994,0.9207352,0.9018782,0.9337442,0.9213063,0.9022149,0.9113322,0.9136088,0.89542854,0.8993931,0.89651674,0.8806184,0.89911234,0.90129805,0.9082261,0.87028307,0.8695841,0.91326183,0.9213313,0.9379325,0.8721172,0.90935075,0.89545476,0.9316345,0.8834816,0.8636453,0.8762021,0.8979292,0.8612947
Q12,0.900594,0.89251184,0.80157226,0.7627982,0.92054105,0.93512446,0.9414722,0.9497367,0.7374123,0.81808287,0.8628601,0.9999999,0.65586174,0.8667229,0.88840336,0.9236159,0.7945174,0.7769321,0.91874737,0.8410881,0.7408618,0.87078464,0.87659293,0.88445747,0.88584036,0.86727,0.8375256,0.89000237,0.90730107,0.9384793,0.90378296,0.8304584,0.8444375,0.9432757,0.7852098,0.8148452,0.70998085,0.738876,0.9313873,0.8438709,0.8818169,0.8348772,0.89554375,0.771023,0.86121404,0.7490069,0.73177403,0.8018331,0.7931218,0.7518027
Q13,0.78909254,0.703977,0.9185808,0.8806726,0.7075397,0.80759376,0.8272238,0.61831367,0.92516565,0.878113,0.81201804,0.65586174,1.0,0.8874494,0.7928264,0.81831175,0.939085,0.88131094,0.81427956,0.90015763,0.94373393,0.86422765,0.84184957,0.7238644,0.8218708,0.8920269,0.9197179,0.8910432,0.76581204,0.7951919,0.8503064,0.89643306,0.8993752,0.7733871,0.9139645,0.92139715,0.92198944,0.9549959,0.78341657,0.86803246,0.80005896,0.88558996,0.86869216,0.938189,0.8970911,0.93579316,0.94621706,0.92670196,0.9029504,0.9655018
Q14,0.938251,0.8796123,0.94723874,0.9125343,0.8936734,0.9411893,0.94312906,0.84611565,0.9210083,0.93844366,0.93432444,0.8667229,0.8874494,0.9999999,0.9366465,0.9582593,0.9499572,0.92613935,0.94493103,0.9626833,0.93591464,0.95385706,0.9400928,0.8793962,0.95214415,0.9676967,0.96603495,0.9634589,0.9283232,0.9264465,0.9455114,0.93431133,0.9470532,0.9307307,0.9374504,0.9526917,0.9067924,0.9281357,0.9519347,0.9474894,0.9377858,0.93214893,0.9547947,0.9385596,0.97244215,0.9284571,0.9250541,0.943354,0.9321843,0.9393844
Q15,0.949312,0.9235524,0.8889477,0.89691746,0.9044541,0.9199007,0.9191272,0.8858822,0.8609259,0.92274696,0.939489,0.88840336,0.7928264,0.9366465,0.9999999,0.92995065,0.877761,0.9056427,0.919438,0.92795527,0.88515794,0.92175734,0.9162118,0.9165784,0.95130664,0.925603,0.90855414,0.9131522,0.9284955,0.9116369,0.9091228,0.89740974,0.87625766,0.9266749,0.89628565,0.9028963,0.8546467,0.8564513,0.9452587,0.92212695,0.9428175,0.87382483,0.909332,0.8943009,0.92481303,0.8740176,0.8590955,0.8702154,0.8912772,0.8581076
Q16,0.9434172,0.89831513,0.9183008,0.8770057,0.910512,0.9550065,0.96553123,0.9173885,0.86479354,0.90434635,0.9178854,0.9236159,0.81831175,0.9582593,0.92995065,1.0000002,0.9222593,0.88685805,0.9669795,0.92989266,0.8735707,0.941265,0.93947715,0.90256894,0.95043576,0.94841254,0.94318944,0.9632491,0.9213943,0.9652899,0.96439314,0.90717995,0.9363612,0.9593064,0.89667434,0.9090793,0.8463958,0.8706852,0.954412,0.9202883,0.93285465,0.9218367,0.9649976,0.8866278,0.9525595,0.8676815,0.8710166,0.9128041,0.8993108,0.8883866
Q17,0.8874543,0.7972734,0.9650804,0.9150061,0.8037002,0.89449036,0.92374533,0.75784063,0.93260735,0.925475,0.88698006,0.7945174,0.939085,0.9499572,0.877761,0.9222593,1.0,0.9169759,0.90848637,0.9319232,0.9469042,0.9229017,0.9090907,0.82114345,0.917503,0.94578254,0.96250385,0.95450014,0.8442895,0.8950498,0.9312037,0.9256082,0.95172846,0.87576413,0.9336835,0.94808924,0.93176687,0.9508636,0.87754583,0.9236915,0.8781968,0.9257437,0.9565865,0.9366364,0.95957386,0.9433844,0.95076907,0.95471036,0.92533195,0.9670557
Q18,0.921495,0.84629166,0.9177612,0.9790738,0.8031222,0.8695374,0.8739797,0.75632143,0.9265425,0.9317058,0.9355731,0.7769321,0.88131094,0.92613935,0.9056427,0.88685805,0.9169759,1.0000002,0.8775053,0.9154013,0.94086397,0.9023596,0.88278633,0.83834946,0.90499705,0.9199946,0.9204463,0.90693855,0.84602696,0.8498082,0.8887167,0.91738766,0.8933591,0.85198456,0.94383675,0.9292998,0.92876554,0.9219947,0.8681377,0.9301977,0.88650155,0.87987906,0.8953832,0.9284028,0.932417,0.93813616,0.92608464,0.9031956,0.9182708,0.9182627
Q19,0.9374906,0.8800851,0.9022864,0.85494435,0.9374348,0.95668685,0.95268553,0.9006059,0.8479501,0.8926492,0.9079471,0.91874737,0.81427956,0.94493103,0.919438,0.9669795,0.90848637,0.8775053,1.0,0.9384343,0.8745018,0.9480596,0.93494475,0.881333,0.9488753,0.9538404,0.93157446,0.95847595,0.9445138,0.953104,0.96829224,0.9076081,0.93267334,0.9475286,0.8853226,0.90200466,0.83127034,0.8579179,0.9564568,0.90872437,0.9319879,0.9003654,0.9496742,0.87305754,0.9493849,0.8746699,0.8588593,0.90898085,0.8827892,0.86799586
Q20,0.92942953,0.8825395,0.9358448,0.89700633,0.90339166,0.9394451,0.9256902,0.8290082,0.9073561,0.9393135,0.9293574,0.8410881,0.90015763,0.9626833,0.92795527,0.92989266,0.9319232,0.9154013,0.9384343,1.0,0.95171857,0.9676624,0.9391945,0.8772597,0.94746816,0.9642488,0.9559897,0.94814086,0.9343684,0.91308784,0.93704224,0.9296481,0.9282795,0.91341937,0.93151397,0.9429821,0.909365,0.9339253,0.933112,0.9321714,0.94661427,0.91978467,0.9323499,0.9501964,0.9585491,0.9405725,0.92193335,0.942967,0.93477255,0.92257524
Q21,0.8918049,0.7971278,0.93594056,0.9268346,0.80598474,0.86062455,0.8755863,0.7212859,0.9321695,0.92742044,0.90453553,0.7408618,0.94373393,0.93591464,0.88515794,0.8735707,0.9469042,0.94086397,0.8745018,0.95171857,1.0,0.91644216,0.89006716,0.8069524,0.89435124,0.9299172,0.9420197,0.918092,0.8538294,0.8442483,0.89082533,0.92078054,0.90629256,0.83331347,0.9479167,0.9450747,0.95374984,0.9595047,0.8659318,0.92712927,0.8855684,0.89620656,0.9005004,0.96093136,0.9427173,0.9643854,0.9537569,0.9312328,0.9365767,0.95038974
Q22,0.92982966,0.8936832,0.9245246,0.883609,0.9099159,0.949668,0.9395019,0.85076284,0.8961823,0.9214561,0.9186994,0.87078464,0.86422765,0.95385706,0.92175734,0.941265,0.9229017,0.9023596,0.9480596,0.9676624,0.91644216,1.0000002,0.93954,0.8850473,0.95016104,0.95425177,0.9609548,0.9549562,0.9223962,0.93489516,0.95636344,0.9266832,0.92928404,0.9361613,0.91976035,0.9273852,0.88372684,0.91847795,0.9377216,0.9225241,0.94348186,0.92596424,0.94734234,0.9259974,0.9534494,0.91009057,0.8967033,0.9645734,0.92421055,0.9067477
Q23,0.9269625,0.8932302,0.91500586,0.8653021,0.91288877,0.9272253,0.93694305,0.8798942,0.86340046,0.9235555,0.9207352,0.87659293,0.84184957,0.9400928,0.9162118,0.93947715,0.9090907,0.88278633,0.93494475,0.9391945,0.89006716,0.93954,1.0,0.8803454,0.9404771,0.93521494,0.9350502,0.9434387,0.9301067,0.92172426,0.9328308,0.90378857,0.9123353,0.9187658,0.8900553,0.9099032,0.86722803,0.87645906,0.9420737,0.9113782,0.9392841,0.90482664,0.9304004,0.90002763,0.9288556,0.8861972,0.8746691,0.90931416,0.91061044,0.89006686
Q24,0.9219582,0.92813605,0.8413471,0.836194,0.8831366,0.91089106,0.8901286,0.9159889,0.7895918,0.8631201,0.9018782,0.88445747,0.7238644,0.8793962,0.9165784,0.90256894,0.82114345,0.83834946,0.881333,0.8772597,0.8069524,0.8850473,0.8803454,0.9999999,0.91147226,0.87336135,0.8588927,0.8766246,0.89697254,0.90591097,0.8834969,0.8411779,0.8216646,0.92823243,0.8438941,0.83642375,0.7743328,0.80866593,0.8965533,0.87459815,0.8892154,0.8357706,0.8834982,0.8375558,0.8899747,0.79539627,0.78125346,0.82538,0.8502168,0.7934308
Q25,0.9518923,0.91939324,0.924281,0.89776045,0.9064261,0.9411433,0.9398601,0.88714457,0.88301635,0.93587685,0.9337442,0.88584036,0.8218708,0.95214415,0.95130664,0.95043576,0.917503,0.90499705,0.9488753,0.94746816,0.89435124,0.95016104,0.9404771,0.91147226,1.0000001,0.94129384,0.94034386,0.9459318,0.9219926,0.93629915,0.9475827,0.905217,0.9085489,0.9375463,0.90817106,0.9126506,0.8791987,0.8855353,0.94415,0.92724955,0.9505639,0.8988578,0.9445586,0.9004713,0.9485507,0.88896275,0.88124645,0.9157567,0.90690374,0.8865631
Q26,0.9336434,0.86857516,0.9414959,0.90922916,0.89280266,0.9497867,0.94376624,0.8389898,0.9111279,0.9318981,0.9213063,0.86727,0.8920269,0.9676967,0.925603,0.94841254,0.94578254,0.9199946,0.9538404,0.9642488,0.9299172,0.95425177,0.93521494,0.87336135,0.94129384,1.0,0.9696523,0.9659434,0.9248577,0.9331257,0.95335305,0.9541854,0.9610032,0.9361645,0.93735874,0.9625541,0.9014472,0.9308373,0.9456041,0.94314176,0.9225847,0.9481285,0.9523821,0.9440861,0.9700428,0.9451837,0.9277758,0.9472509,0.94016737,0.93233037
Q27,0.9147558,0.85228705,0.96142006,0.9141672,0.858601,0.9275823,0.94050646,0.81254894,0.9406364,0.927843,0.9022149,0.8375256,0.9197179,0.96603495,0.90855414,0.94318944,0.96250385,0.9204463,0.93157446,0.9559897,0.9420197,0.9609548,0.9350502,0.8588927,0.94034386,0.9696523,1.0,0.9730003,0.882988,0.9340802,0.9569833,0.9462723,0.9580912,0.921298,0.952417,0.9575985,0.9282656,0.95436907,0.9238865,0.9436193,0.91719806,0.9573432,0.96156675,0.9524131,0.9681605,0.938457,0.93997973,0.97175914,0.95259845,0.96054137
Q28,0.93370706,0.86978424,0.95041597,0.8992481,0.88965905,0.9516947,0.96917087,0.8641255,0.9077796,0.92360187,0.9113322,0.89000237,0.8910432,0.9634589,0.9131522,0.9632491,0.95450014,0.90693855,0.95847595,0.94814086,0.918092,0.9549562,0.9434387,0.8766246,0.9459318,0.9659434,0.9730003,0.9999998,0.91291726,0.95364386,0.97498816,0.94008005,0.9616101,0.9424885,0.931565,0.94791925,0.890991,0.92560226,0.94023675,0.94311285,0.9224596,0.9432312,0.97743523,0.9287034,0.96643627,0.9196545,0.92410415,0.95283985,0.9245192,0.9424927
Q29,0.92727685,0.89905953,0.84876215,0.8098023,0.9732433,0.94082916,0.9239886,0.9088127,0.79570234,0.88593,0.9136088,0.90730107,0.76581204,0.9283232,0.9284955,0.9213943,0.8442895,0.84602696,0.9445138,0.9343684,0.8538294,0.9223962,0.9301067,0.89697254,0.9219926,0.9248577,0.882988,0.91291726,0.9999999,0.90928006,0.91361594,0.8763764,0.8712852,0.92195,0.85654664,0.8777447,0.7884915,0.8212298,0.9630193,0.8907737,0.94016314,0.8602354,0.89457166,0.8673578,0.9063117,0.8525313,0.8184488,0.8480555,0.8668909,0.82185507
Q30,0.9247832,0.88736665,0.9081978,0.84621966,0.91132176,0.958824,0.9725451,0.926,0.8422675,0.8789678,0.89542854,0.9384793,0.7951919,0.9264465,0.9116369,0.9652899,0.8950498,0.8498082,0.953104,0.91308784,0.8442483,0.93489516,0.92172426,0.90591097,0.93629915,0.9331257,0.9340802,0.95364386,0.90928006,0.99999994,0.9661721,0.8986402,0.9240922,0.96327937,0.8819454,0.88269347,0.8204006,0.8497697,0.94089806,0.89863026,0.91538316,0.9146302,0.9685992,0.8683406,0.9332395,0.8398996,0.83779055,0.90174556,0.8817114,0.8643814
Q31,0.9277429,0.8690536,0.9227231,0.8787823,0.9052946,0.9569677,0.96782047,0.87595415,0.8742135,0.8948988,0.8993931,0.90378296,0.8503064,0.9455114,0.9091228,0.96439314,0.9312037,0.8887167,0.96829224,0.93704224,0.89082533,0.95636344,0.9328308,0.8834969,0.9475827,0.95335305,0.9569833,0.97498816,0.91361594,0.9661721,0.9999998,0.92524683,0.9504472,0.9545326,0.9170686,0.9161458,0.85584754,0.90403056,0.9406123,0.9169357,0.91463226,0.9374211,0.9737177,0.9079911,0.959906,0.89074016,0.89108783,0.94527256,0.9146228,0.9076294
Q32,0.8990995,0.83943903,0.90676993,0.921193,0.85200834,0.9142298,0.9228447,0.78680384,0.92667556,0.903384,0.89651674,0.8304584,0.89643306,0.93431133,0.89740974,0.90717995,0.9256082,0.91738766,0.9076081,0.9296481,0.92078054,0.9266832,0.90378857,0.8411779,0.905217,0.9541854,0.9462723,0.94008005,0.8763764,0.8986402,0.92524683,1.0,0.93037736,0.91202825,0.9440789,0.961949,0.9002204,0.94357795,0.9140468,0.9490367,0.8817058,0.94121677,0.93232536,0.9487742,0.93878186,0.9506618,0.9372239,0.93409777,0.94658524,0.927347
Q33,0.89278126,0.8141036,0.94258946,0.8901926,0.8370692,0.9305411,0.9415469,0.79961264,0.904695,0.8936384,0.8806184,0.8444375,0.8993752,0.9470532,0.87625766,0.9363612,0.95172846,0.8933591,0.93267334,0.9282795,0.90629256,0.92928404,0.9123353,0.8216646,0.9085489,0.9610032,0.9580912,0.9616101,0.8712852,0.9240922,0.9504472,0.93037736,1.0,0.9127174,0.92559135,0.9389451,0.88923174,0.92093384,0.9086454,0.91745967,0.8790908,0.9465433,0.9529697,0.9123793,0.9532007,0.91565347,0.93476546,0.95164573,0.90529305,0.93310547
Q34,0.934739,0.91591316,0.87913823,0.84987056,0.9229419,0.96296185,0.95433015,0.92771924,0.8398445,0.87536323,0.89911234,0.9432757,0.7733871,0.9307307,0.9266749,0.9593064,0.87576413,0.85198456,0.9475286,0.91341937,0.83331347,0.9361613,0.9187658,0.92823243,0.9375463,0.9361645,0.921298,0.9424885,0.92195,0.96327937,0.9545326,0.91202825,0.9127174,1.0,0.8764616,0.89211404,0.80761516,0.85156775,0.9596243,0.91871834,0.9162744,0.9106873,0.9461574,0.86795837,0.93070275,0.843743,0.84145343,0.8977834,0.8839383,0.85213995
Q35,0.90190214,0.8296341,0.9274945,0.9417926,0.82130694,0.89204836,0.89664143,0.7571496,0.9237956,0.91268486,0.90129805,0.7852098,0.9139645,0.9374504,0.89628565,0.89667434,0.9336835,0.94383675,0.8853226,0.93151397,0.9479167,0.91976035,0.8900553,0.8438941,0.90817106,0.93735874,0.952417,0.931565,0.85654664,0.8819454,0.9170686,0.9440789,0.92559135,0.8764616,1.0,0.9414064,0.92204714,0.9534633,0.8859214,0.92876756,0.87731385,0.93556595,0.9202601,0.95867836,0.9433791,0.94339514,0.94272155,0.9365758,0.95208,0.94523174
Q36,0.9003593,0.834892,0.93164885,0.9244186,0.8320458,0.9105872,0.9170976,0.7743836,0.94187653,0.935152,0.9082261,0.8148452,0.92139715,0.9526917,0.9028963,0.9090793,0.94808924,0.9292998,0.90200466,0.9429821,0.9450747,0.9273852,0.9099032,0.83642375,0.9126506,0.9625541,0.9575985,0.94791925,0.8777447,0.88269347,0.9161458,0.961949,0.9389451,0.89211404,0.9414064,0.99999964,0.93011546,0.95176387,0.9057996,0.9584784,0.89127785,0.93644434,0.9283965,0.9572245,0.95363235,0.96127075,0.952491,0.94058466,0.9408342,0.95171005
Q37,0.85853267,0.78506184,0.9304391,0.92659783,0.740217,0.8254403,0.84862095,0.689256,0.94352996,0.9148018,0.87028307,0.70998085,0.92198944,0.9067924,0.8546467,0.8463958,0.93176687,0.92876554,0.83127034,0.909365,0.95374984,0.88372684,0.86722803,0.7743328,0.8791987,0.9014472,0.9282656,0.890991,0.7884915,0.8204006,0.85584754,0.9002204,0.88923174,0.80761516,0.92204714,0.93011546,1.0,0.942546,0.82484674,0.9161879,0.8523723,0.88474053,0.88088703,0.9322704,0.9144182,0.9401178,0.9377341,0.9164413,0.9108485,0.9350028
Q38,0.86210483,0.79048574,0.9244734,0.92248625,0.776842,0.8691972,0.87964225,0.69921994,0.94449735,0.90366066,0.8695841,0.738876,0.9549959,0.9281357,0.8564513,0.8706852,0.9508636,0.9219947,0.8579179,0.9339253,0.9595047,0.91847795,0.87645906,0.80866593,0.8855353,0.9308373,0.95436907,0.92560226,0.8212298,0.8497697,0.90403056,0.94357795,0.92093384,0.85156775,0.9534633,0.95176387,0.942546,0.99999994,0.85018456,0.91943455,0.84928924,0.9356623,0.913772,0.9705658,0.93745506,0.9615329,0.957477,0.9584259,0.9518498,0.96382916
Q39,0.9426499,0.90770686,0.87552905,0.8474934,0.96305823,0.9536954,0.9513451,0.9166815,0.84682274,0.89313304,0.91326183,0.9313873,0.78341657,0.9519347,0.9452587,0.954412,0.87754583,0.8681377,0.9564568,0.933112,0.8659318,0.9377216,0.9420737,0.8965533,0.94415,0.9456041,0.9238865,0.94023675,0.9630193,0.94089806,0.9406123,0.9140468,0.9086454,0.9596243,0.8859214,0.9057996,0.82484674,0.85018456,1.0,0.9250032,0.9475942,0.9011385,0.92850703,0.8834243,0.9296435,0.8694494,0.85736084,0.8847994,0.89529794,0.8601117
Q40,0.92991984,0.87660575,0.9189867,0.92320573,0.8587902,0.91405076,0.92263615,0.82914394,0.93576497,0.923429,0.9213313,0.8438709,0.86803246,0.9474894,0.92212695,0.9202883,0.9236915,0.9301977,0.90872437,0.9321714,0.92712927,0.9225241,0.9113782,0.87459815,0.92724955,0.94314176,0.9436193,0.94311285,0.8907737,0.89863026,0.9169357,0.9490367,0.91745967,0.91871834,0.92876756,0.9584784,0.9161879,0.91943455,0.9250032,1.0,0.906297,0.9090574,0.9337931,0.933164,0.95068765,0.92471343,0.93122184,0.9119574,0.9295999,0.91910994
Q41,0.9448551,0.9136873,0.9017097,0.8567442,0.9310851,0.92170167,0.92111504,0.8878631,0.8543486,0.9324039,0.9379325,0.8818169,0.80005896,0.9377858,0.9428175,0.93285465,0.8781968,0.88650155,0.9319879,0.94661427,0.8855684,0.94348186,0.9392841,0.8892154,0.9505639,0.9225847,0.91719806,0.9224596,0.94016314,0.91538316,0.91463226,0.8817058,0.8790908,0.9162744,0.87731385,0.89127785,0.8523723,0.84928924,0.9475942,0.906297,1.0000001,0.8643656,0.9068392,0.87930584,0.91553676,0.8698361,0.8502451,0.88127744,0.8850297,0.8553413
Q42,0.8824661,0.83237934,0.90917075,0.87983155,0.83927536,0.9193763,0.9251723,0.7898903,0.8905159,0.87748146,0.8721172,0.8348772,0.88558996,0.93214893,0.87382483,0.9218367,0.9257437,0.87987906,0.9003654,0.91978467,0.89620656,0.92596424,0.90482664,0.8357706,0.8988578,0.9481285,0.9573432,0.9432312,0.8602354,0.9146302,0.9374211,0.94121677,0.9465433,0.9106873,0.93556595,0.93644434,0.88474053,0.9356623,0.9011385,0.9090574,0.8643656,0.9999998,0.9364722,0.9411304,0.9355474,0.9015328,0.9002422,0.94006014,0.9526165,0.9237013
Q43,0.9238236,0.8657087,0.9466846,0.8940947,0.87852913,0.9511049,0.9771816,0.86999226,0.8975563,0.9134425,0.90935075,0.89554375,0.86869216,0.9547947,0.909332,0.9649976,0.9565865,0.8953832,0.9496742,0.9323499,0.9005004,0.94734234,0.9304004,0.8834982,0.9445586,0.9523821,0.96156675,0.97743523,0.89457166,0.9685992,0.9737177,0.93232536,0.9529697,0.9461574,0.9202601,0.9283965,0.88088703,0.913772,0.92850703,0.9337931,0.9068392,0.9364722,0.9999998,0.9141142,0.96512216,0.8966074,0.9065839,0.9450914,0.9147444,0.926578
Q44,0.8875976,0.8256921,0.9234489,0.9232387,0.82399976,0.888278,0.89472425,0.7458382,0.9287076,0.918714,0.89545476,0.771023,0.938189,0.9385596,0.8943009,0.8866278,0.9366364,0.9284028,0.87305754,0.9501964,0.96093136,0.9259974,0.90002763,0.8375558,0.9004713,0.9440861,0.9524131,0.9287034,0.8673578,0.8683406,0.9079911,0.9487742,0.9123793,0.86795837,0.95867836,0.9572245,0.9322704,0.9705658,0.8834243,0.933164,0.87930584,0.9411304,0.9141142,1.0,0.9380325,0.95623493,0.9477407,0.93871474,0.9752953,0.954196
Q45,0.9407329,0.87304586,0.9530829,0.92371166,0.87245077,0.9413628,0.94479215,0.84150743,0.92393667,0.93641955,0.9316345,0.86121404,0.8970911,0.97244215,0.92481303,0.9525595,0.95957386,0.932417,0.9493849,0.9585491,0.9427173,0.9534494,0.9288556,0.8899747,0.9485507,0.9700428,0.9681605,0.96643627,0.9063117,0.9332395,0.959906,0.93878186,0.9532007,0.93070275,0.9433791,0.95363235,0.9144182,0.93745506,0.9296435,0.95068765,0.91553676,0.9355474,0.96512216,0.9380325,1.0000001,0.93236303,0.928717,0.9519409,0.9355012,0.9395911
Q46,0.8758705,0.7888703,0.92324233,0.930917,0.80139804,0.8703226,0.87907684,0.71325064,0.9310897,0.9224409,0.8834816,0.7490069,0.93579316,0.9284571,0.8740176,0.8676815,0.9433844,0.93813616,0.8746699,0.9405725,0.9643854,0.91009057,0.8861972,0.79539627,0.88896275,0.9451837,0.938457,0.9196545,0.8525313,0.8398996,0.89074016,0.9506618,0.91565347,0.843743,0.94339514,0.96127075,0.9401178,0.9615329,0.8694494,0.92471343,0.8698361,0.9015328,0.8966074,0.95623493,0.93236303,0.9999999,0.96232617,0.93204486,0.92870325,0.95064974
Q47,0.8601363,0.76699257,0.9310767,0.92931306,0.7687746,0.8623781,0.8797883,0.70082545,0.9523698,0.9020078,0.8636453,0.73177403,0.94621706,0.9250541,0.8590955,0.8710166,0.95076907,0.92608464,0.8588593,0.92193335,0.9537569,0.8967033,0.8746691,0.78125346,0.88124645,0.9277758,0.93997973,0.92410415,0.8184488,0.83779055,0.89108783,0.9372239,0.93476546,0.84145343,0.94272155,0.952491,0.9377341,0.957477,0.85736084,0.93122184,0.8502451,0.9002422,0.9065839,0.9477407,0.928717,0.96232617,1.0000001,0.9401734,0.91813624,0.95945543
Q48,0.8808892,0.8204913,0.9460932,0.90372324,0.81815755,0.91088885,0.91416466,0.76404935,0.9337976,0.9077753,0.8762021,0.8018331,0.92670196,0.943354,0.8702154,0.9128041,0.95471036,0.9031956,0.90898085,0.942967,0.9312328,0.9645734,0.90931416,0.82538,0.9157567,0.9472509,0.97175914,0.95283985,0.8480555,0.90174556,0.94527256,0.93409777,0.95164573,0.8977834,0.9365758,0.94058466,0.9164413,0.9584259,0.8847994,0.9119574,0.88127744,0.94006014,0.9450914,0.93871474,0.9519409,0.93204486,0.9401734,1.0,0.9249597,0.9513613
Q49,0.8959346,0.841395,0.90738815,0.9103363,0.8420005,0.8882597,0.89825416,0.7684436,0.9106425,0.9076814,0.8979292,0.7931218,0.9029504,0.9321843,0.8912772,0.8993108,0.92533195,0.9182708,0.8827892,0.93477255,0.9365767,0.92421055,0.91061044,0.8502168,0.90690374,0.94016737,0.95259845,0.9245192,0.8668909,0.8817114,0.9146228,0.94658524,0.90529305,0.8839383,0.95208,0.9408342,0.9108485,0.9518498,0.89529794,0.9295999,0.8850297,0.9526165,0.9147444,0.9752953,0.9355012,0.92870325,0.91813624,0.9249597,1.0,0.9307886
Q50,0.8565124,0.77899945,0.94984484,0.9186522,0.77468693,0.871073,0.8913415,0.7134578,0.9390074,0.914505,0.8612947,0.7518027,0.9655018,0.9393844,0.8581076,0.8883866,0.9670557,0.9182627,0.86799586,0.92257524,0.95038974,0.9067477,0.89006686,0.7934308,0.8865631,0.93233037,0.96054137,0.9424927,0.82185507,0.8643814,0.9076294,0.927347,0.93310547,0.85213995,0.94523174,0.95171005,0.9350028,0.96382916,0.8601117,0.91910994,0.8553413,0.9237013,0.926578,0.954196,0.9395911,0.95064974,0.95945543,0.9513613,0.9307886,1.0000002
